1 150.0 143.0 95.0
2 1336.0 2676.0 2812.0
3 1409.0 1920.0 2098.0
4 1377.0 1931.0 2137.0
5 1419.0 1963.0 2165.0
6 1438.0 1981.0 2177.0
7 1417.0 1956.0 2152.0
8 1393.0 1933.0 2125.0
9 1421.0 1950.0 2143.0
10 1404.0 1931.0 2128.0
11 1392.0 1918.0 2108.0
12 1363.0 1885.0 2078.0
13 1427.0 1949.0 2137.0
14 1405.0 1922.0 2114.0
15 1368.0 1885.0 2075.0
16 1401.0 1917.0 2106.0
17 1407.0 1922.0 2111.0
18 1394.0 1906.0 2097.0
19 1433.0 1948.0 2130.0
20 1407.0 1918.0 2104.0
21 1393.0 1902.0 2091.0
22 1399.0 1907.0 2094.0
23 1403.0 1912.0 2098.0
24 1411.0 1919.0 2103.0
25 1400.0 1908.0 2094.0
26 1395.0 1903.0 2077.0
27 1434.0 1939.0 2112.0
28 1410.0 1914.0 2093.0
29 1397.0 1900.0 2082.0
30 1359.0 1863.0 2042.0
31 1387.0 1888.0 2070.0
32 1419.0 1923.0 2100.0
33 1394.0 1895.0 2078.0
34 1354.0 1857.0 2037.0
35 1433.0 1938.0 2113.0
36 1396.0 1897.0 2079.0
37 1422.0 1926.0 2103.0
38 1371.0 1874.0 2051.0
39 1416.0 1920.0 2098.0
40 1399.0 1899.0 2081.0
41 1395.0 1895.0 2078.0
42 1350.0 1852.0 2034.0
43 1437.0 1941.0 2114.0
44 1397.0 1897.0 2078.0
45 1411.0 1913.0 2092.0
46 2099.0 2583.0 2762.0
47 1373.0 1875.0 2056.0
48 1382.0 1886.0 2060.0
49 1440.0 1944.0 2116.0
50 1447.0 1951.0 2122.0
51 1402.0 1904.0 2084.0
52 1369.0 1871.0 2048.0
53 1377.0 1878.0 2059.0
54 1424.0 1924.0 2099.0
55 1403.0 1903.0 2084.0
56 1397.0 1899.0 2073.0
57 1421.0 1923.0 2098.0
58 1398.0 1897.0 2078.0
59 1432.0 1933.0 2107.0
60 1399.0 1897.0 2079.0
61 1396.0 1895.0 2077.0
62 1401.0 1901.0 2082.0
63 1416.0 1916.0 2093.0
64 1359.0 1860.0 2040.0
65 1392.0 1894.0 2070.0
66 1424.0 1924.0 2098.0
67 1424.0 1924.0 2100.0
68 1365.0 1864.0 2043.0
69 1392.0 1894.0 2065.0
70 1398.0 1895.0 2076.0
71 1410.0 1909.0 2086.0
72 1401.0 1900.0 2078.0
73 1360.0 1859.0 2037.0
74 1398.0 1897.0 2078.0
75 1404.0 1901.0 2079.0
76 1403.0 1900.0 2080.0
77 1370.0 1870.0 2045.0
78 1405.0 1903.0 2081.0
79 1405.0 1904.0 2082.0
80 1420.0 1919.0 2094.0
81 1352.0 1851.0 2029.0
82 1433.0 1932.0 2103.0
83 1406.0 1905.0 2081.0
84 1409.0 1907.0 2084.0
85 1408.0 1904.0 2082.0
86 1420.0 1919.0 2093.0
87 1399.0 1895.0 2074.0
88 1356.0 1855.0 2032.0
89 1439.0 1939.0 2109.0
90 1396.0 1892.0 2071.0
91 1398.0 1895.0 2073.0
92 1403.0 1904.0 2071.0
93 1433.0 1932.0 2104.0
94 1401.0 1899.0 2077.0
95 1434.0 1934.0 2106.0
96 1368.0 1867.0 2042.0
97 1412.0 1911.0 2086.0
98 1405.0 1900.0 2079.0
99 1403.0 1899.0 2077.0
100 1387.0 1888.0 2058.0
101 1409.0 1907.0 2082.0
102 1404.0 1901.0 2079.0
103 1419.0 1920.0 2094.0
104 1394.0 1895.0 2064.0
105 1427.0 1932.0 2102.0
106 1393.0 1888.0 2068.0
107 1410.0 1907.0 2080.0
108 1386.0 1886.0 2058.0
109 1400.0 1896.0 2074.0
110 1439.0 1936.0 2106.0
111 1360.0 1858.0 2036.0
112 1439.0 1938.0 2108.0
113 1406.0 1903.0 2079.0
114 1423.0 1923.0 2095.0
115 1398.0 1894.0 2073.0
116 1416.0 1915.0 2089.0
117 1362.0 1857.0 2037.0
118 1422.0 1922.0 2093.0
119 1395.0 1891.0 2069.0
120 1347.0 1844.0 2022.0
121 1432.0 1930.0 2101.0
122 1441.0 1941.0 2111.0
123 1360.0 1859.0 2035.0
124 1374.0 1871.0 2050.0
125 1403.0 1899.0 2076.0
126 1397.0 1894.0 2069.0
127 1364.0 1862.0 2036.0
128 1431.0 1930.0 2100.0
129 1409.0 1906.0 2082.0
130 1385.0 1885.0 2055.0
131 1396.0 1893.0 2070.0
132 1394.0 1890.0 2069.0
133 1362.0 1860.0 2037.0
134 1370.0 1866.0 2045.0
135 1409.0 1906.0 2081.0
136 1423.0 1921.0 2091.0
137 1356.0 1854.0 2030.0
138 1425.0 1927.0 2097.0
139 1432.0 1930.0 2099.0
140 1347.0 1844.0 2022.0
141 1411.0 1908.0 2082.0
142 1404.0 1902.0 2078.0
143 1346.0 1843.0 2022.0
144 1419.0 1918.0 2087.0
145 1410.0 1909.0 2084.0
146 1402.0 1899.0 2073.0
147 1371.0 1870.0 2043.0
148 1431.0 1932.0 2102.0
149 1423.0 1921.0 2091.0
150 1366.0 1866.0 2040.0
151 1419.0 1918.0 2089.0
152 1421.0 1920.0 2091.0
153 1385.0 1881.0 2058.0
154 1348.0 1845.0 2022.0
155 1402.0 1899.0 2075.0
156 1419.0 1916.0 2089.0
157 1393.0 1897.0 2065.0
158 1450.0 1949.0 2116.0
159 1425.0 1925.0 2096.0
160 1371.0 1869.0 2044.0
161 1366.0 1902.0 2078.0
162 1426.0 1925.0 2096.0
163 1394.0 1890.0 2066.0
164 1359.0 1858.0 2031.0
165 1433.0 1930.0 2100.0
166 1402.0 1899.0 2074.0
167 1354.0 1852.0 2028.0
168 1418.0 1916.0 2088.0
169 1433.0 1930.0 2101.0
170 1372.0 1869.0 2045.0
171 1417.0 1915.0 2086.0
172 1405.0 1901.0 2075.0
173 1411.0 1910.0 2083.0
174 1360.0 1859.0 2034.0
175 1398.0 1895.0 2072.0
176 1392.0 1888.0 2065.0
177 1391.0 1887.0 2064.0
178 1423.0 1924.0 2094.0
179 1436.0 1934.0 2103.0
180 1402.0 1900.0 2075.0
181 1428.0 1927.0 2096.0
182 1435.0 1933.0 2102.0
183 1410.0 1907.0 2079.0
184 1389.0 1888.0 2057.0
185 1391.0 1886.0 2063.0
186 1416.0 1914.0 2087.0
187 1397.0 1893.0 2069.0
188 1379.0 1876.0 2051.0
189 1350.0 1846.0 2023.0
190 1409.0 1908.0 2081.0
191 1394.0 1889.0 2065.0
192 1376.0 1874.0 2043.0
193 1396.0 1892.0 2067.0
194 1400.0 1895.0 2071.0
195 1434.0 1935.0 2102.0
196 1386.0 1886.0 2053.0
197 1421.0 1917.0 2087.0
198 1408.0 1904.0 2077.0
199 1388.0 1887.0 2057.0
200 1363.0 1859.0 2034.0
201 1428.0 1923.0 2091.0
202 1407.0 1903.0 2075.0
203 1356.0 1854.0 2027.0
204 1432.0 1929.0 2099.0
205 1408.0 1905.0 2077.0
206 1397.0 1896.0 2064.0
207 1422.0 1919.0 2087.0
208 1413.0 1908.0 2077.0
209 1449.0 1947.0 2111.0
210 1391.0 1884.0 2061.0
211 1439.0 1937.0 2103.0
212 1401.0 1897.0 2069.0
213 1397.0 1896.0 2066.0
214 1393.0 1888.0 2064.0
215 1428.0 1925.0 2094.0
216 1406.0 1902.0 2076.0
217 1405.0 1900.0 2072.0
218 1389.0 1882.0 2059.0
219 1398.0 1894.0 2067.0
220 1367.0 1863.0 2040.0
221 1403.0 1900.0 2073.0
222 1405.0 1901.0 2073.0
223 1389.0 1884.0 2059.0
224 1421.0 1918.0 2087.0
225 1385.0 1880.0 2056.0
226 1409.0 1908.0 2078.0
227 1404.0 1906.0 2070.0
228 1390.0 1884.0 2060.0
229 1401.0 1896.0 2070.0
230 1368.0 1867.0 2036.0
231 1395.0 1890.0 2064.0
232 1387.0 1880.0 2056.0
233 1421.0 1916.0 2083.0
234 1360.0 1856.0 2030.0
235 1425.0 1922.0 2089.0
236 1417.0 1913.0 2083.0
237 1349.0 1845.0 2018.0
238 1399.0 1894.0 2068.0
239 1407.0 1905.0 2077.0
240 1393.0 1893.0 2062.0
241 1401.0 1899.0 2066.0
242 1412.0 1907.0 2078.0
243 1413.0 1909.0 2080.0
244 1342.0 1837.0 2013.0
245 1419.0 1917.0 2087.0
246 1414.0 1910.0 2080.0
247 1401.0 1897.0 2072.0
248 1347.0 1844.0 2018.0
249 1389.0 1885.0 2061.0
250 1412.0 1909.0 2071.0
251 1387.0 1883.0 2057.0
252 1352.0 1850.0 2025.0
253 1399.0 1895.0 2070.0
254 1431.0 1929.0 2096.0
255 1350.0 1848.0 2022.0
256 1401.0 1902.0 2072.0
257 1414.0 1911.0 2086.0
258 1422.0 1919.0 2088.0
259 1344.0 1842.0 2018.0
260 1370.0 1866.0 2043.0
261 1391.0 1887.0 2064.0
262 1391.0 1886.0 2063.0
263 1398.0 1894.0 2070.0
264 1368.0 1865.0 2040.0
265 1389.0 1885.0 2062.0
266 1422.0 1920.0 2091.0
267 1387.0 1883.0 2060.0
268 1386.0 1883.0 2058.0
269 1397.0 1893.0 2068.0
270 1419.0 1917.0 2088.0
271 1395.0 1889.0 2065.0
272 1415.0 1914.0 2086.0
273 1407.0 1904.0 2077.0
274 1390.0 1886.0 2063.0
275 1398.0 1893.0 2067.0
276 1403.0 1901.0 2075.0
277 1414.0 1912.0 2085.0
278 1396.0 1893.0 2066.0
279 1350.0 1848.0 2024.0
280 1389.0 1884.0 2061.0
281 1403.0 1901.0 2074.0
282 1424.0 1922.0 2090.0
283 1351.0 1851.0 2026.0
284 1390.0 1886.0 2063.0
285 1403.0 1901.0 2075.0
286 1416.0 1915.0 2086.0
287 1346.0 1844.0 2020.0
288 1387.0 1883.0 2061.0
289 1406.0 1905.0 2079.0
290 1390.0 1885.0 2063.0
291 1366.0 1866.0 2038.0
292 1380.0 1877.0 2052.0
293 1398.0 1896.0 2072.0
294 1407.0 1904.0 2077.0
295 1355.0 1853.0 2027.0
296 1391.0 1890.0 2059.0
297 1402.0 1898.0 2074.0
298 1392.0 1889.0 2066.0
299 1378.0 1878.0 2052.0
300 1349.0 1847.0 2024.0
301 1388.0 1884.0 2063.0
302 1388.0 1884.0 2062.0
303 1401.0 1897.0 2073.0
304 1348.0 1847.0 2023.0
305 1421.0 1918.0 2088.0
306 1385.0 1882.0 2060.0
307 1390.0 1887.0 2065.0
308 1350.0 1849.0 2025.0
309 1405.0 1901.0 2076.0
310 1387.0 1883.0 2061.0
311 1406.0 1904.0 2079.0
312 1391.0 1893.0 2065.0
313 1397.0 1893.0 2070.0
314 1401.0 1898.0 2075.0
315 1401.0 1897.0 2074.0
316 1342.0 1839.0 2017.0
317 1409.0 1907.0 2080.0
318 1398.0 1897.0 2072.0
319 1404.0 1902.0 2076.0
320 1350.0 1848.0 2024.0
321 1427.0 1927.0 2094.0
322 1404.0 1902.0 2077.0
323 1386.0 1882.0 2060.0
324 1389.0 1889.0 2057.0
325 1367.0 1866.0 2040.0
326 1412.0 1912.0 2084.0
327 1389.0 1886.0 2063.0
328 1369.0 1867.0 2045.0
329 1348.0 1846.0 2022.0
330 1392.0 1889.0 2066.0
331 1392.0 1889.0 2066.0
332 1405.0 1902.0 2077.0
333 1391.0 1889.0 2065.0
334 1393.0 1891.0 2064.0
335 1419.0 1919.0 2092.0
336 1434.0 1934.0 2100.0
337 1393.0 1888.0 2065.0
338 1392.0 1888.0 2065.0
339 1396.0 1893.0 2069.0
340 1406.0 1904.0 2079.0
341 1385.0 1881.0 2059.0
342 1349.0 1846.0 2024.0
343 1344.0 1841.0 2018.0
344 1408.0 1905.0 2079.0
345 1407.0 1905.0 2077.0
346 1415.0 1914.0 2085.0
347 1342.0 1839.0 2017.0
348 1396.0 1894.0 2068.0
349 1393.0 1891.0 2068.0
350 1394.0 1891.0 2067.0
351 1383.0 1882.0 2054.0
352 1368.0 1867.0 2040.0
353 1391.0 1887.0 2065.0
354 1384.0 1880.0 2058.0
355 1400.0 1896.0 2072.0
356 1354.0 1853.0 2029.0
357 1360.0 1856.0 2033.0
358 1396.0 1893.0 2068.0
359 1401.0 1898.0 2073.0
360 1376.0 1873.0 2050.0
361 1342.0 1840.0 2065.0
362 1399.0 1895.0 2071.0
363 1394.0 1890.0 2067.0
364 1408.0 1906.0 2079.0
365 1384.0 1879.0 2057.0
366 1397.0 1895.0 2070.0
367 1427.0 1928.0 2097.0
368 1390.0 1886.0 2063.0
369 1389.0 1886.0 2060.0
370 1391.0 1888.0 2064.0
371 1385.0 1881.0 2058.0
372 1399.0 1899.0 2072.0
373 1364.0 1862.0 2036.0
374 1385.0 1881.0 2060.0
375 1384.0 1879.0 2057.0
376 1389.0 1884.0 2062.0
377 1339.0 1835.0 2013.0
378 1390.0 1886.0 2062.0
379 1388.0 1883.0 2060.0
380 1391.0 1887.0 2064.0
381 1350.0 1847.0 2022.0
382 1406.0 1904.0 2077.0
383 1409.0 1907.0 2080.0
384 1394.0 1892.0 2067.0
385 1359.0 1858.0 2033.0
386 1376.0 1876.0 2048.0
387 1423.0 1923.0 2093.0
388 1390.0 1886.0 2062.0
389 1420.0 1919.0 2089.0
390 1362.0 1861.0 2035.0
391 1402.0 1900.0 2072.0
392 1385.0 1881.0 2058.0
393 1387.0 1882.0 2060.0
394 1361.0 1857.0 2035.0
395 1381.0 1884.0 2053.0
396 1406.0 1905.0 2078.0
397 1405.0 1901.0 2076.0
398 1424.0 1921.0 2091.0
399 1392.0 1887.0 2064.0
400 1409.0 1907.0 2081.0
401 1384.0 1878.0 2057.0
402 1399.0 1896.0 2072.0
403 1372.0 1870.0 2046.0
404 1346.0 1844.0 2020.0
405 1416.0 1913.0 2085.0
406 1403.0 1899.0 2074.0
407 1383.0 1878.0 2056.0
408 1361.0 1859.0 2031.0
409 1375.0 1872.0 2048.0
410 1396.0 1893.0 2069.0
411 1386.0 1882.0 2059.0
412 1394.0 1894.0 2066.0
413 1343.0 1840.0 2017.0
414 1394.0 1892.0 2067.0
415 1387.0 1883.0 2061.0
416 1412.0 1909.0 2082.0
417 1375.0 1873.0 2045.0
418 1416.0 1915.0 2087.0
419 1412.0 1909.0 2082.0
420 1395.0 1891.0 2067.0
421 1438.0 1938.0 2104.0
422 1418.0 1915.0 2085.0
423 1387.0 1882.0 2060.0
424 1394.0 1891.0 2066.0
425 1415.0 1911.0 2083.0
426 1354.0 1851.0 2024.0
427 1412.0 1911.0 2083.0
428 1410.0 1908.0 2079.0
429 1384.0 1879.0 2057.0
430 1363.0 1863.0 2035.0
431 1387.0 1888.0 2057.0
432 1396.0 1891.0 2065.0
433 1392.0 1886.0 2063.0
434 1371.0 1867.0 2042.0
435 1371.0 1870.0 2040.0
436 1394.0 1889.0 2064.0
437 1395.0 1891.0 2066.0
438 1426.0 1924.0 2093.0
439 1375.0 1873.0 2043.0
440 1381.0 1874.0 2050.0
441 1433.0 1931.0 2097.0
442 1388.0 1882.0 2058.0
443 1368.0 1868.0 2037.0
444 1391.0 1889.0 2060.0
445 1409.0 1906.0 2076.0
446 1392.0 1886.0 2061.0
447 1354.0 1851.0 2024.0
448 1419.0 1913.0 2083.0
449 1405.0 1899.0 2071.0
450 1397.0 1892.0 2065.0
451 1382.0 1879.0 2046.0
452 1415.0 1911.0 2079.0
453 1411.0 1906.0 2074.0
454 1387.0 1880.0 2055.0
455 1392.0 1887.0 2060.0
456 1384.0 1878.0 2054.0
457 1421.0 1916.0 2083.0
458 1395.0 1888.0 2062.0
459 1389.0 1883.0 2057.0
460 1389.0 1882.0 2056.0
461 1392.0 1886.0 2060.0
462 1342.0 1838.0 2012.0
463 1410.0 1905.0 2074.0
464 1407.0 1902.0 2073.0
465 1384.0 1877.0 2052.0
466 1348.0 1843.0 2015.0
467 1386.0 1879.0 2053.0
468 1393.0 1887.0 2060.0
469 1383.0 1884.0 2049.0
470 1378.0 1873.0 2047.0
471 1410.0 1904.0 2074.0
472 1411.0 1907.0 2075.0
473 1339.0 1833.0 2008.0
474 1387.0 1889.0 2053.0
475 1405.0 1898.0 2070.0
476 1405.0 1899.0 2069.0
477 1391.0 1887.0 2056.0
478 1347.0 1843.0 2015.0
479 1391.0 1884.0 2056.0
480 1401.0 1895.0 2067.0
481 1376.0 1874.0 2040.0
482 1385.0 1877.0 2052.0
483 1412.0 1904.0 2074.0
484 1360.0 1853.0 2027.0
485 1351.0 1846.0 2020.0
486 1387.0 1881.0 2054.0
487 1413.0 1908.0 2076.0
488 1348.0 1843.0 2015.0
489 1385.0 1877.0 2051.0
490 1386.0 1879.0 2053.0
491 1346.0 1841.0 2014.0
492 1377.0 1871.0 2043.0
493 1403.0 1897.0 2068.0
494 1406.0 1901.0 2071.0
495 1352.0 1848.0 2020.0
496 1380.0 1872.0 2047.0
497 1428.0 1924.0 2089.0
498 1365.0 1862.0 2029.0
499 1408.0 1904.0 2074.0
500 1428.0 1923.0 2087.0
501 1377.0 1873.0 2042.0
502 1362.0 1855.0 2029.0
503 1403.0 1898.0 2067.0
504 1374.0 1868.0 2040.0
505 1387.0 1885.0 2050.0
506 1383.0 1876.0 2050.0
507 1387.0 1879.0 2051.0
508 1383.0 1881.0 2045.0
509 1408.0 1905.0 2073.0
510 1401.0 1895.0 2066.0
511 1351.0 1846.0 2016.0
512 1420.0 1914.0 2081.0
513 1389.0 1882.0 2055.0
514 1351.0 1844.0 2018.0
515 1375.0 1871.0 2076.0
516 1395.0 1890.0 2060.0
517 1385.0 1877.0 2051.0
518 1355.0 1862.0 2032.0
519 1376.0 1876.0 2053.0
520 1397.0 1892.0 2065.0
521 1361.0 1858.0 2027.0
522 1390.0 1885.0 2057.0
523 1404.0 1900.0 2069.0
524 1361.0 1858.0 2030.0
525 1391.0 1885.0 2059.0
526 1398.0 1893.0 2063.0
527 1430.0 1930.0 2095.0
528 1339.0 1836.0 2009.0
529 1379.0 1874.0 2050.0
530 1399.0 1895.0 2067.0
531 1347.0 1844.0 2015.0
532 1405.0 1901.0 2072.0
533 1387.0 1883.0 2056.0
534 1395.0 1891.0 2061.0
535 1420.0 1918.0 2085.0
536 1397.0 1893.0 2065.0
537 1400.0 1895.0 2067.0
538 1345.0 1843.0 2017.0
539 1378.0 1873.0 2050.0
540 1400.0 1897.0 2067.0
541 1394.0 1891.0 2065.0
542 1379.0 1873.0 2049.0
543 1389.0 1885.0 2059.0
544 1403.0 1900.0 2072.0
545 1334.0 1831.0 2006.0
546 1396.0 1893.0 2065.0
547 1399.0 1896.0 2069.0
548 1398.0 1895.0 2068.0
549 1383.0 1878.0 2054.0
550 1386.0 1881.0 2056.0
551 1378.0 1873.0 2050.0
552 1396.0 1893.0 2065.0
553 1377.0 1875.0 2044.0
554 1402.0 1899.0 2070.0
555 1425.0 1926.0 2093.0
556 1388.0 1885.0 2059.0
557 1373.0 1874.0 2046.0
558 1409.0 1907.0 2078.0
559 1387.0 1883.0 2058.0
560 1348.0 1846.0 2020.0
561 1363.0 1861.0 2036.0
562 1382.0 1878.0 2054.0
563 1395.0 1892.0 2064.0
564 1350.0 1849.0 2023.0
565 1411.0 1910.0 2080.0
566 1419.0 1919.0 2086.0
567 1384.0 1880.0 2056.0
568 1343.0 1842.0 2017.0
569 1371.0 1867.0 2044.0
570 1395.0 1895.0 2068.0
571 1389.0 1886.0 2061.0
572 1347.0 1846.0 2020.0
573 1387.0 1885.0 2058.0
574 1410.0 1909.0 2080.0
575 1419.0 1918.0 2086.0
576 1368.0 1867.0 2034.0
577 1402.0 1900.0 2068.0
578 1383.0 1880.0 2055.0
579 1385.0 1882.0 2058.0
580 1345.0 1842.0 2019.0
581 1339.0 1837.0 2013.0
582 1397.0 1873.0 2050.0
583 1421.0 1921.0 2090.0
584 1394.0 1894.0 2066.0
585 1376.0 1880.0 2048.0
586 1411.0 1911.0 2082.0
587 1411.0 1910.0 2082.0
588 1372.0 1869.0 2047.0
589 1364.0 1865.0 2035.0
590 1373.0 1870.0 2048.0
591 1400.0 1899.0 2073.0
592 1423.0 1923.0 2091.0
593 1380.0 1878.0 2055.0
594 1384.0 1881.0 2058.0
595 1403.0 1903.0 2075.0
596 1385.0 1882.0 2059.0
597 1414.0 1912.0 2083.0
598 1371.0 1872.0 2044.0
599 1373.0 1869.0 2048.0
600 1389.0 1888.0 2063.0
601 1402.0 1902.0 2075.0
602 1346.0 1846.0 2021.0
603 1362.0 1861.0 2038.0
604 1376.0 1874.0 2052.0
605 1415.0 1915.0 2086.0
606 1365.0 1865.0 2041.0
607 1351.0 1851.0 2026.0
608 1391.0 1890.0 2064.0
609 1379.0 1876.0 2054.0
610 1387.0 1884.0 2060.0
611 1367.0 1864.0 2044.0
612 1350.0 1850.0 2024.0
613 1387.0 1886.0 2062.0
614 1417.0 1918.0 2089.0
615 1422.0 1923.0 2093.0
616 1387.0 1883.0 2061.0
617 1404.0 1903.0 2075.0
618 1414.0 1915.0 2084.0
619 1344.0 1844.0 2020.0
620 1357.0 1854.0 2033.0
621 1373.0 1870.0 2049.0
622 1395.0 1895.0 2069.0
623 1375.0 1875.0 2051.0
624 1331.0 1830.0 2009.0
625 1403.0 1904.0 2077.0
626 1386.0 1884.0 2060.0
627 1414.0 1915.0 2087.0
628 1372.0 1874.0 2047.0
629 1380.0 1877.0 2056.0
630 1387.0 1884.0 2060.0
631 1380.0 1878.0 2056.0
632 1374.0 1872.0 2050.0
633 1411.0 1914.0 2085.0
634 1418.0 1920.0 2090.0
635 1385.0 1883.0 2060.0
636 1383.0 1881.0 2058.0
637 1338.0 1837.0 2013.0
638 1377.0 1878.0 2048.0
639 1383.0 1882.0 2059.0
640 1422.0 1923.0 2092.0
641 1402.0 1903.0 2077.0
642 1339.0 1838.0 2015.0
643 1340.0 1835.0 2012.0
644 1383.0 1877.0 2054.0
645 1429.0 1929.0 2097.0
646 1382.0 1876.0 2053.0
647 1343.0 1840.0 2016.0
648 1346.0 1843.0 2018.0
649 1370.0 1872.0 2053.0
650 1370.0 1873.0 2053.0
651 1405.0 1912.0 2085.0
652 1378.0 1882.0 2054.0
653 1398.0 1901.0 2076.0
654 1397.0 1900.0 2072.0
655 1368.0 1869.0 2050.0
656 1361.0 1863.0 2043.0
657 1362.0 1863.0 2044.0
658 1364.0 1866.0 2046.0
659 1381.0 1884.0 2062.0
660 1338.0 1843.0 2018.0
661 1381.0 1884.0 2057.0
662 1376.0 1879.0 2057.0
663 1364.0 1865.0 2045.0
664 1342.0 1847.0 2023.0
665 1381.0 1889.0 2059.0
666 1364.0 1865.0 2045.0
667 1380.0 1882.0 2059.0
668 1363.0 1865.0 2043.0
669 1321.0 1824.0 2003.0
670 1386.0 1889.0 2063.0
671 1376.0 1878.0 2054.0
672 1387.0 1891.0 2065.0
673 1346.0 1850.0 2025.0
674 1391.0 1893.0 2066.0
675 1379.0 1882.0 2057.0
676 1375.0 1877.0 2054.0
677 1369.0 1875.0 2045.0
678 1388.0 1894.0 2065.0
679 1377.0 1879.0 2054.0
680 1374.0 1875.0 2052.0
681 1364.0 1871.0 2041.0
682 1368.0 1870.0 2048.0
683 1382.0 1883.0 2059.0
684 1399.0 1902.0 2073.0
685 1323.0 1825.0 2003.0
686 1360.0 1860.0 2040.0
687 1970.0 2449.0 2637.0
688 1963.0 2445.0 2629.0
689 1367.0 1867.0 2045.0
690 1377.0 1879.0 2054.0
691 1371.0 1872.0 2050.0
692 1364.0 1869.0 2043.0
693 1394.0 1902.0 2072.0
694 1368.0 1870.0 2048.0
695 1371.0 1872.0 2049.0
696 1348.0 1850.0 2048.0
697 1365.0 1866.0 2044.0
698 1366.0 1867.0 2045.0
699 1402.0 1907.0 2078.0
700 1368.0 1871.0 2043.0
701 1397.0 1902.0 2075.0
702 1370.0 1871.0 2048.0
703 1369.0 1870.0 2047.0
704 1347.0 1850.0 2023.0
705 1400.0 1905.0 2077.0
706 1370.0 1871.0 2047.0
707 1322.0 1824.0 2002.0
708 1350.0 1852.0 2027.0
709 1365.0 1865.0 2043.0
710 1360.0 1859.0 2038.0
711 1335.0 1839.0 2012.0
712 1380.0 1883.0 2056.0
713 1391.0 1895.0 2067.0
714 1365.0 1866.0 2042.0
715 1322.0 1823.0 2000.0
716 1360.0 1860.0 2038.0
717 1361.0 1861.0 2038.0
718 1328.0 1830.0 2007.0
719 1367.0 1870.0 2043.0
720 1362.0 1863.0 2040.0
721 1398.0 1901.0 2073.0
722 1318.0 1819.0 1997.0
723 1364.0 1864.0 2041.0
724 1385.0 1887.0 2060.0
725 1388.0 1891.0 2060.0
726 1319.0 1820.0 1998.0
727 1366.0 1866.0 2044.0
728 1376.0 1878.0 2055.0
729 1339.0 1840.0 2018.0
730 1325.0 1827.0 2004.0
731 1380.0 1882.0 2057.0
732 1364.0 1864.0 2043.0
733 1343.0 1844.0 2023.0
734 1320.0 1821.0 1999.0
735 1377.0 1880.0 2055.0
736 1404.0 1909.0 2079.0
737 1367.0 1871.0 2045.0
738 1358.0 1862.0 2034.0
739 1368.0 1867.0 2045.0
740 1388.0 1891.0 2064.0
741 1346.0 1848.0 2025.0
742 1359.0 1859.0 2038.0
743 1361.0 1862.0 2041.0
744 1366.0 1866.0 2045.0
745 1347.0 1849.0 2028.0
746 1373.0 1874.0 2052.0
747 1381.0 1883.0 2059.0
748 1399.0 1902.0 2073.0
749 1359.0 1861.0 2039.0
750 1365.0 1867.0 2045.0
751 1363.0 1864.0 2042.0
752 1369.0 1870.0 2048.0
753 1386.0 1888.0 2064.0
754 1386.0 1890.0 2064.0
755 1367.0 1868.0 2046.0
756 1366.0 1868.0 2047.0
757 1339.0 1844.0 2019.0
758 1347.0 1848.0 2028.0
759 1364.0 1866.0 2044.0
760 1367.0 1873.0 2043.0
761 1372.0 1873.0 2052.0
762 1389.0 1892.0 2067.0
763 1364.0 1865.0 2044.0
764 1373.0 1877.0 2051.0
765 1370.0 1871.0 2049.0
766 1367.0 1868.0 2047.0
767 1377.0 1879.0 2056.0
768 1380.0 1882.0 2058.0
769 1364.0 1865.0 2045.0
770 1359.0 1861.0 2041.0
771 1377.0 1880.0 2057.0
772 1328.0 1831.0 2009.0
773 1359.0 1861.0 2040.0
774 1367.0 1870.0 2048.0
775 1376.0 1878.0 2054.0
776 1322.0 1824.0 2004.0
777 1364.0 1869.0 2042.0
778 1386.0 1891.0 2066.0
779 1399.0 1902.0 2077.0
780 1357.0 1858.0 2038.0
781 1322.0 1826.0 2006.0
782 1380.0 1885.0 2060.0
783 1387.0 1891.0 2066.0
784 1361.0 1862.0 2043.0
785 1367.0 1873.0 2047.0
786 1348.0 1853.0 2027.0
787 1385.0 1888.0 2064.0
788 1380.0 1884.0 2061.0
789 1370.0 1872.0 2050.0
790 1329.0 1831.0 2011.0
791 1357.0 1865.0 2038.0
792 1398.0 1901.0 2073.0
793 1364.0 1864.0 2044.0
794 1376.0 1879.0 2057.0
795 1323.0 1826.0 2006.0
796 1367.0 1870.0 2050.0
797 1394.0 1900.0 2074.0
798 1367.0 1868.0 2049.0
799 1341.0 1845.0 2024.0
800 1370.0 1873.0 2052.0
801 1389.0 1895.0 2070.0
802 1370.0 1874.0 2053.0
803 1388.0 1892.0 2067.0
804 1337.0 1839.0 2019.0
805 1365.0 1867.0 2047.0
806 1359.0 1861.0 2042.0
807 1361.0 1862.0 2043.0
808 1359.0 1864.0 2039.0
809 1366.0 1871.0 2046.0
810 1364.0 1867.0 2047.0
811 1375.0 1878.0 2055.0
812 1358.0 1862.0 2041.0
813 1349.0 1854.0 2030.0
814 1350.0 1852.0 2032.0
815 1360.0 1862.0 2043.0
816 1389.0 1895.0 2070.0
817 1392.0 1898.0 2073.0
818 1341.0 1846.0 2023.0
819 1333.0 1837.0 2016.0
820 1374.0 1878.0 2056.0
821 1359.0 1861.0 2043.0
822 1395.0 1900.0 2073.0
823 1329.0 1832.0 2012.0
824 1368.0 1871.0 2051.0
825 1370.0 1873.0 2053.0
826 1401.0 1906.0 2080.0
827 1378.0 1883.0 2060.0
828 1339.0 1841.0 2022.0
829 1365.0 1867.0 2048.0
830 1907.0 2391.0 2578.0
831 1377.0 1881.0 2058.0
832 1329.0 1833.0 2011.0
833 1323.0 1826.0 2007.0
834 1373.0 1877.0 2055.0
835 1400.0 1906.0 2079.0
836 1369.0 1872.0 2051.0
837 1357.0 1861.0 2040.0
838 1321.0 1825.0 2005.0
839 1357.0 1859.0 2039.0
840 1358.0 1859.0 2040.0
841 1368.0 1869.0 2048.0
842 1339.0 1841.0 2021.0
843 1327.0 1831.0 2008.0
844 1383.0 1886.0 2061.0
845 1359.0 1860.0 2040.0
846 1369.0 1871.0 2049.0
847 1324.0 1828.0 2006.0
848 1380.0 1883.0 2058.0
849 1367.0 1869.0 2046.0
850 1363.0 1864.0 2043.0
851 1366.0 1867.0 2045.0
852 1366.0 1868.0 2046.0
853 1370.0 1872.0 2049.0
854 1366.0 1869.0 2046.0
855 1335.0 1838.0 2014.0
856 1348.0 1849.0 2027.0
857 1366.0 1866.0 2044.0
858 1362.0 1862.0 2040.0
859 1341.0 1845.0 2020.0
860 1340.0 1843.0 2018.0
861 1376.0 1879.0 2054.0
862 1369.0 1870.0 2047.0
863 1364.0 1869.0 2042.0
864 1323.0 1824.0 2001.0
865 1397.0 1902.0 2074.0
866 1365.0 1865.0 2042.0
867 1364.0 1865.0 2043.0
868 1330.0 1833.0 2009.0
869 1358.0 1860.0 2035.0
870 1360.0 1859.0 2037.0
871 1369.0 1871.0 2047.0
872 1330.0 1832.0 2009.0
873 1341.0 1844.0 2019.0
874 1361.0 1862.0 2039.0
875 1388.0 1889.0 2063.0
876 1362.0 1863.0 2040.0
877 1325.0 1827.0 2003.0
878 1360.0 1860.0 2037.0
879 1368.0 1869.0 2045.0
880 1363.0 1863.0 2040.0
881 1361.0 1861.0 2039.0
882 1368.0 1871.0 2046.0
883 1393.0 1898.0 2070.0
884 1360.0 1860.0 2038.0
885 1365.0 1866.0 2042.0
886 1392.0 1895.0 2067.0
887 1383.0 1886.0 2059.0
888 1362.0 1862.0 2039.0
889 1379.0 1880.0 2054.0
890 1364.0 1863.0 2040.0
891 1361.0 1861.0 2038.0
892 1352.0 1857.0 2029.0
893 1358.0 1857.0 2035.0
894 1370.0 1871.0 2045.0
895 1362.0 1862.0 2038.0
896 1348.0 1851.0 2023.0
897 1369.0 1870.0 2045.0
898 1360.0 1861.0 2037.0
899 1323.0 1824.0 2000.0
900 1363.0 1865.0 2038.0
901 1876.0 2357.0 2543.0
902 1857.0 2341.0 2524.0
903 1367.0 1868.0 2043.0
904 1341.0 1843.0 2018.0
905 1340.0 1842.0 2017.0
906 1366.0 1866.0 2042.0
907 1367.0 1868.0 2043.0
908 1362.0 1867.0 2039.0
909 1325.0 1826.0 2003.0
910 1374.0 1875.0 2051.0
911 1366.0 1867.0 2044.0
912 1340.0 1842.0 2018.0
913 1328.0 1830.0 2007.0
914 1363.0 1863.0 2039.0
915 1366.0 1868.0 2044.0
916 1343.0 1845.0 2021.0
917 1331.0 1872.0 2048.0
918 1373.0 1874.0 2050.0
919 1363.0 1864.0 2041.0
920 1353.0 1854.0 2031.0
921 1374.0 1877.0 2051.0
922 1380.0 1883.0 2058.0
923 1369.0 1869.0 2046.0
924 1372.0 1873.0 2049.0
925 1362.0 1862.0 2040.0
926 1366.0 1866.0 2042.0
927 1381.0 1884.0 2058.0
928 1336.0 1838.0 2013.0
929 1363.0 1864.0 2041.0
930 1364.0 1865.0 2041.0
931 1360.0 1860.0 2038.0
932 1343.0 1847.0 2021.0
933 1328.0 1829.0 2007.0
934 1363.0 1863.0 2040.0
935 1369.0 1870.0 2047.0
936 1346.0 1848.0 2024.0
937 1330.0 1832.0 2008.0
938 1387.0 1891.0 2062.0
939 1373.0 1875.0 2051.0
940 1370.0 1872.0 2048.0
941 1355.0 1861.0 2031.0
942 1389.0 1891.0 2064.0
943 1373.0 1875.0 2051.0
944 1360.0 1860.0 2037.0
945 1324.0 1826.0 2003.0
946 1345.0 1864.0 2041.0
947 1370.0 1872.0 2048.0
948 1369.0 1870.0 2047.0
949 1337.0 1838.0 2015.0
950 1368.0 1870.0 2046.0
951 1364.0 1865.0 2043.0
952 1369.0 1870.0 2047.0
953 1361.0 1862.0 2039.0
954 1362.0 1862.0 2040.0
955 1366.0 1867.0 2045.0
956 1364.0 1864.0 2042.0
957 1369.0 1871.0 2047.0
958 1368.0 1870.0 2046.0
959 1367.0 1867.0 2045.0
960 1362.0 1863.0 2040.0
961 1329.0 1831.0 2008.0
962 1362.0 1862.0 2041.0
963 1388.0 1893.0 2066.0
964 1366.0 1866.0 2044.0
965 1334.0 1836.0 2012.0
966 1333.0 1836.0 2013.0
967 1363.0 1864.0 2042.0
968 1368.0 1871.0 2047.0
969 1371.0 1873.0 2050.0
970 1363.0 1869.0 2041.0
971 1348.0 1850.0 2027.0
972 1363.0 1864.0 2042.0
973 1368.0 1872.0 2045.0
974 1360.0 1860.0 2039.0
975 1364.0 1865.0 2043.0
976 1348.0 1850.0 2027.0
977 1347.0 1852.0 2026.0
978 1372.0 1874.0 2050.0
979 1363.0 1864.0 2041.0
980 1379.0 1883.0 2058.0
981 1330.0 1833.0 2010.0
982 1334.0 1837.0 2014.0
983 1379.0 1881.0 2057.0
984 1370.0 1873.0 2048.0
985 1357.0 1858.0 2036.0
986 1326.0 1828.0 2006.0
987 1355.0 1857.0 2034.0
988 1366.0 1868.0 2046.0
989 1370.0 1872.0 2049.0
990 1341.0 1843.0 2021.0
991 1327.0 1829.0 2006.0
992 1395.0 1888.0 2060.0
993 1384.0 1878.0 2051.0
994 1409.0 1906.0 2075.0
995 1354.0 1850.0 2021.0
996 1391.0 1886.0 2057.0
997 1386.0 1880.0 2053.0
998 1392.0 1887.0 2058.0
999 1383.0 1877.0 2050.0
1000 1386.0 1881.0 2053.0
1001 1378.0 1871.0 2045.0
1002 1387.0 1882.0 2054.0
1003 1344.0 1839.0 2012.0
1004 1345.0 1840.0 2012.0
1005 1383.0 1878.0 2051.0
1006 1380.0 1874.0 2047.0
1007 1377.0 1871.0 2045.0
1008 1360.0 1859.0 2029.0
1009 1366.0 1862.0 2035.0
1010 1378.0 1872.0 2045.0
1011 1379.0 1873.0 2046.0
1012 1353.0 1848.0 2022.0
1013 1356.0 1853.0 2024.0
1014 1377.0 1871.0 2045.0
1015 1376.0 1871.0 2044.0
1016 1398.0 1895.0 2066.0
1017 1355.0 1852.0 2024.0
1018 1365.0 1861.0 2032.0
1019 1387.0 1883.0 2055.0
1020 1385.0 1880.0 2053.0
1021 1401.0 1899.0 2069.0
1022 1344.0 1839.0 2012.0
1023 1380.0 1875.0 2048.0
1024 1383.0 1879.0 2051.0
1025 1385.0 1880.0 2052.0
1026 1370.0 1864.0 2038.0
1027 1375.0 1869.0 2043.0
1028 1376.0 1870.0 2044.0
1029 1379.0 1873.0 2047.0
1030 1389.0 1884.0 2057.0
1031 1353.0 1849.0 2022.0
1032 1375.0 1870.0 2043.0
1033 1379.0 1874.0 2047.0
1034 1382.0 1878.0 2050.0
1035 1344.0 1839.0 2012.0
1036 1370.0 1865.0 2037.0
1037 1380.0 1876.0 2049.0
1038 1381.0 1875.0 2049.0
1039 1369.0 1864.0 2037.0
1040 1347.0 1843.0 2015.0
1041 1371.0 1867.0 2040.0
1042 1408.0 1908.0 2077.0
1043 1383.0 1879.0 2052.0
1044 1347.0 1842.0 2015.0
1045 1367.0 1866.0 2036.0
1046 1379.0 1875.0 2047.0
1047 1376.0 1870.0 2043.0
1048 1392.0 1890.0 2061.0
1049 1368.0 1863.0 2036.0
1050 1347.0 1843.0 2016.0
1051 1388.0 1884.0 2056.0
1052 1388.0 1885.0 2057.0
1053 1380.0 1875.0 2048.0
1054 1388.0 1884.0 2056.0
1055 1382.0 1877.0 2050.0
1056 1399.0 1896.0 2066.0
1057 1411.0 1910.0 2079.0
1058 1385.0 1881.0 2053.0
1059 1347.0 1843.0 2017.0
1060 1376.0 1871.0 2044.0
1061 1402.0 1900.0 2069.0
1062 1379.0 1874.0 2047.0
1063 1384.0 1880.0 2052.0
1064 1349.0 1845.0 2018.0
1065 1357.0 1853.0 2026.0
1066 1384.0 1879.0 2052.0
1067 1382.0 1877.0 2050.0
1068 1379.0 1874.0 2047.0
1069 1351.0 1848.0 2020.0
1070 1351.0 1848.0 2020.0
1071 1380.0 1875.0 2048.0
1072 1381.0 1876.0 2049.0
1073 1398.0 1896.0 2067.0
1074 1355.0 1851.0 2023.0
1075 1385.0 1881.0 2054.0
1076 1381.0 1876.0 2050.0
1077 1379.0 1874.0 2048.0
1078 1382.0 1877.0 2050.0
1079 1367.0 1862.0 2035.0
1080 1398.0 1895.0 2065.0
1081 1380.0 1875.0 2048.0
1082 1382.0 1879.0 2051.0
1083 1375.0 1876.0 2044.0
1084 1356.0 1854.0 2025.0
1085 1382.0 1877.0 2050.0
1086 1392.0 1889.0 2060.0
1087 1401.0 1900.0 2070.0
1088 1370.0 1865.0 2038.0
1089 1350.0 1847.0 2019.0
1090 1374.0 1870.0 2043.0
1091 1380.0 1875.0 2048.0
1092 1393.0 1890.0 2062.0
1093 1385.0 1881.0 2053.0
1094 1356.0 1853.0 2024.0
1095 1366.0 1862.0 2034.0
1096 1384.0 1879.0 2051.0
1097 1383.0 1879.0 2051.0
1098 1389.0 1884.0 2056.0
1099 1353.0 1848.0 2020.0
1100 1384.0 1879.0 2050.0
1101 1384.0 1878.0 2050.0
1102 1386.0 1880.0 2051.0
1103 1378.0 1873.0 2044.0
1104 1390.0 1885.0 2056.0
1105 1383.0 1878.0 2049.0
1106 1384.0 1879.0 2050.0
1107 1385.0 1880.0 2051.0
1108 1382.0 1878.0 2047.0
1109 1388.0 1883.0 2053.0
1110 1391.0 1886.0 2056.0
1111 1394.0 1889.0 2059.0
1112 1356.0 1851.0 2021.0
1113 1382.0 1876.0 2047.0
1114 1385.0 1880.0 2050.0
1115 1365.0 1860.0 2030.0
1116 1386.0 1880.0 2050.0
1117 1400.0 1897.0 2065.0
1118 1388.0 1882.0 2052.0
1119 1368.0 1864.0 2032.0
1120 1409.0 1907.0 2074.0
1121 1420.0 1917.0 2081.0
1122 1387.0 1880.0 2050.0
1123 1360.0 1855.0 2023.0
1124 1393.0 1888.0 2057.0
1125 1387.0 1880.0 2050.0
1126 1388.0 1882.0 2051.0
1127 1360.0 1855.0 2023.0
1128 1381.0 1876.0 2044.0
1129 1389.0 1883.0 2053.0
1130 1391.0 1886.0 2054.0
1131 1370.0 1864.0 2032.0
1132 1361.0 1855.0 2024.0
1133 1389.0 1883.0 2052.0
1134 1393.0 1887.0 2055.0
1135 1378.0 1872.0 2041.0
1136 1362.0 1857.0 2024.0
1137 1394.0 1889.0 2057.0
1138 1399.0 1894.0 2061.0
1139 1389.0 1883.0 2051.0
1140 1363.0 1857.0 2025.0
1141 1380.0 1874.0 2043.0
1142 1392.0 1887.0 2054.0
1143 1391.0 1884.0 2052.0
1144 1394.0 1891.0 2056.0
1145 1375.0 1872.0 2037.0
1146 1394.0 1888.0 2055.0
1147 1393.0 1888.0 2055.0
1148 1384.0 1879.0 2045.0
1149 1369.0 1864.0 2030.0
1150 1414.0 1911.0 2075.0
1151 1390.0 1884.0 2051.0
1152 1384.0 1880.0 2046.0
1153 1410.0 1907.0 2071.0
1154 1390.0 1883.0 2051.0
1155 1396.0 1888.0 2056.0
1156 1372.0 1865.0 2032.0
1157 1398.0 1890.0 2057.0
1158 1408.0 1902.0 2067.0
1159 1399.0 1891.0 2058.0
1160 1370.0 1862.0 2028.0
1161 1401.0 1893.0 2059.0
1162 1403.0 1896.0 2062.0
1163 1399.0 1891.0 2058.0
1164 1400.0 1892.0 2058.0
1165 1397.0 1890.0 2056.0
1166 1399.0 1891.0 2058.0
1167 1403.0 1895.0 2061.0
1168 1411.0 1905.0 2070.0
1169 1397.0 1889.0 2055.0
1170 1395.0 1888.0 2054.0
1171 1377.0 1871.0 2037.0
1172 1397.0 1890.0 2056.0
1173 1407.0 1901.0 2066.0
1174 1409.0 1904.0 2068.0
1175 1388.0 1882.0 2047.0
1176 1416.0 1914.0 2076.0
1177 1394.0 1887.0 2053.0
1178 1400.0 1894.0 2059.0
1179 1392.0 1887.0 2052.0
1180 1397.0 1891.0 2056.0
1181 1400.0 1893.0 2058.0
1182 1372.0 1867.0 2032.0
1183 1404.0 1898.0 2063.0
1184 1406.0 1901.0 2065.0
1185 1397.0 1890.0 2056.0
1186 1369.0 1864.0 2029.0
1187 1369.0 1863.0 2028.0
1188 1399.0 1892.0 2058.0
1189 1387.0 1881.0 2046.0
1190 1373.0 1868.0 2032.0
1191 1399.0 1893.0 2058.0
1192 1401.0 1894.0 2059.0
1193 1381.0 1874.0 2039.0
1194 1371.0 1866.0 2030.0
1195 1410.0 1905.0 2069.0
1196 1400.0 1894.0 2058.0
1197 1373.0 1868.0 2032.0
1198 1385.0 1879.0 2043.0
1199 1403.0 1898.0 2062.0
1200 1399.0 1893.0 2057.0
1201 1371.0 1866.0 2030.0
1202 1398.0 1892.0 2056.0
1203 1407.0 1902.0 2065.0
1204 1400.0 1895.0 2059.0
1205 1376.0 1872.0 2035.0
1206 1403.0 1896.0 2061.0
1207 1402.0 1896.0 2061.0
1208 1394.0 1888.0 2053.0
1209 1375.0 1870.0 2034.0
1210 1401.0 1895.0 2059.0
1211 1401.0 1895.0 2059.0
1212 1394.0 1889.0 2052.0
1213 1377.0 1873.0 2036.0
1214 1407.0 1902.0 2065.0
1215 1400.0 1894.0 2058.0
1216 1392.0 1887.0 2051.0
1217 1377.0 1872.0 2035.0
1218 1405.0 1900.0 2063.0
1219 1403.0 1897.0 2061.0
1220 1392.0 1886.0 2050.0
1221 1376.0 1872.0 2035.0
1222 1419.0 1916.0 2077.0
1223 1410.0 1905.0 2068.0
1224 1390.0 1885.0 2049.0
1225 1384.0 1880.0 2042.0
1226 1411.0 1906.0 2069.0
1227 1405.0 1899.0 2063.0
1228 1389.0 1884.0 2047.0
1229 1407.0 1902.0 2065.0
1230 1404.0 1899.0 2062.0
1231 1434.0 1931.0 2090.0
1232 1391.0 1888.0 2049.0
1233 1407.0 1902.0 2065.0
1234 1406.0 1901.0 2064.0
1235 1407.0 1902.0 2065.0
1236 1382.0 1877.0 2068.0
1237 1408.0 1903.0 2066.0
1238 1419.0 1916.0 2076.0
1239 1408.0 1904.0 2065.0
1240 1413.0 1908.0 2070.0
1241 1409.0 1904.0 2066.0
1242 1432.0 1930.0 2088.0
1243 1400.0 1896.0 2058.0
1244 1409.0 1904.0 2066.0
1245 1407.0 1901.0 2064.0
1246 1412.0 1907.0 2069.0
1247 1407.0 1902.0 2063.0
1248 1410.0 1904.0 2066.0
1249 1410.0 1905.0 2067.0
1250 1437.0 1934.0 2092.0
1251 1406.0 1901.0 2063.0
1252 1417.0 1913.0 2073.0
1253 1413.0 1908.0 2070.0
1254 1411.0 1906.0 2069.0
1255 1416.0 1912.0 2073.0
1256 1424.0 1921.0 2081.0
1257 1413.0 1908.0 2070.0
1258 1406.0 1902.0 2063.0
1259 1414.0 1909.0 2070.0
1260 1415.0 1911.0 2071.0
1261 1392.0 1889.0 2049.0
1262 1428.0 1925.0 2085.0
1263 1418.0 1914.0 2075.0
1264 1422.0 1919.0 2079.0
1265 1391.0 1887.0 2047.0
1266 1413.0 1909.0 2070.0
1267 1416.0 1911.0 2072.0
1268 1422.0 1918.0 2078.0
1269 1393.0 1890.0 2049.0
1270 1416.0 1912.0 2072.0
1271 1416.0 1912.0 2072.0
1272 1411.0 1907.0 2068.0
1273 1420.0 1916.0 2076.0
1274 1415.0 1911.0 2071.0
1275 1416.0 1911.0 2072.0
1276 1400.0 1896.0 2056.0
1277 1432.0 1930.0 2088.0
1278 1427.0 1924.0 2083.0
1279 1419.0 1914.0 2075.0
1280 1403.0 1900.0 2058.0
1281 1429.0 1926.0 2084.0
1282 1419.0 1915.0 2074.0
1283 1429.0 1926.0 2085.0
1284 1395.0 1892.0 2051.0
1285 1422.0 1917.0 2077.0
1286 1418.0 1914.0 2073.0
1287 1422.0 1918.0 2077.0
1288 1423.0 1919.0 2078.0
1289 1421.0 1917.0 2076.0
1290 1422.0 1918.0 2077.0
1291 1423.0 1920.0 2079.0
1292 1423.0 1919.0 2078.0
1293 1422.0 1917.0 2077.0
1294 1421.0 1917.0 2076.0
1295 1424.0 1920.0 2079.0
1296 1422.0 1919.0 2077.0
1297 1422.0 1919.0 2078.0
1298 1423.0 1920.0 2078.0
1299 1399.0 1895.0 2054.0
1300 1424.0 1921.0 2079.0
1301 1423.0 1920.0 2078.0
1302 1424.0 1920.0 2079.0
1303 1403.0 1900.0 2058.0
1304 1426.0 1923.0 2081.0
1305 1424.0 1921.0 2079.0
1306 1424.0 1921.0 2079.0
1307 1403.0 1901.0 2058.0
1308 1427.0 1923.0 2081.0
1309 1427.0 1923.0 2081.0
1310 1411.0 1908.0 2066.0
1311 1410.0 1907.0 2064.0
1312 1433.0 1930.0 2088.0
1313 1435.0 1933.0 2090.0
1314 1415.0 1913.0 2070.0
1315 1410.0 1908.0 2065.0
1316 1432.0 1929.0 2087.0
1317 1435.0 1932.0 2089.0
1318 1417.0 1914.0 2071.0
1319 1408.0 1905.0 2062.0
1320 1437.0 1935.0 2092.0
1321 1432.0 1930.0 2086.0
1322 1424.0 1923.0 2079.0
1323 1412.0 1911.0 2067.0
1324 1433.0 1931.0 2087.0
1325 1434.0 1932.0 2089.0
1326 1423.0 1920.0 2077.0
1327 1414.0 1912.0 2068.0
1328 1437.0 1935.0 2091.0
1329 1435.0 1932.0 2089.0
1330 1438.0 1936.0 2092.0
1331 1442.0 1941.0 2096.0
1332 1441.0 1940.0 2095.0
1333 1437.0 1935.0 2091.0
1334 1437.0 1936.0 2091.0
1335 1438.0 1936.0 2092.0
1336 1439.0 1937.0 2093.0
1337 1448.0 1947.0 2102.0
1338 1439.0 1937.0 2093.0
1339 1433.0 1931.0 2087.0
1340 1438.0 1936.0 2092.0
1341 1440.0 1938.0 2094.0
1342 1438.0 1936.0 2092.0
1343 1431.0 1930.0 2084.0
1344 1448.0 1948.0 2102.0
1345 1443.0 1941.0 2096.0
1346 1444.0 1943.0 2098.0
1347 1438.0 1938.0 2091.0
1348 1443.0 1941.0 2096.0
1349 1447.0 1946.0 2100.0
1350 1446.0 1945.0 2099.0
1351 1427.0 1927.0 2080.0
1352 1450.0 1950.0 2103.0
1353 1447.0 1946.0 2100.0
1354 1446.0 1945.0 2099.0
1355 1427.0 1926.0 2080.0
1356 1448.0 1947.0 2100.0
1357 1449.0 1947.0 2101.0
1358 1438.0 1937.0 2090.0
1359 1429.0 1929.0 2082.0
1360 1450.0 1950.0 2103.0
1361 1449.0 1948.0 2101.0
1362 1440.0 1940.0 2092.0
1363 1431.0 1931.0 2084.0
1364 1450.0 1949.0 2102.0
1365 1452.0 1951.0 2103.0
1366 1446.0 1945.0 2098.0
1367 1433.0 1933.0 2085.0
1368 1455.0 1955.0 2107.0
1369 1454.0 1953.0 2106.0
1370 1451.0 1951.0 2103.0
1371 1434.0 1934.0 2085.0
1372 1453.0 1952.0 2104.0
1373 1458.0 1957.0 2108.0
1374 1453.0 1952.0 2104.0
1375 1436.0 1936.0 2087.0
1376 1463.0 1963.0 2114.0
1377 1457.0 1956.0 2108.0
1378 1455.0 1954.0 2106.0
1379 1437.0 1937.0 2088.0
1380 1467.0 1968.0 2117.0
1381 1457.0 1956.0 2107.0
1382 1466.0 1966.0 2116.0
1383 1448.0 1949.0 2098.0
1384 1466.0 1963.0 2113.0
1385 1459.0 1958.0 2109.0
1386 1467.0 1967.0 2116.0
1387 1443.0 1943.0 2092.0
1388 1465.0 1964.0 2114.0
1389 1464.0 1963.0 2112.0
1390 1470.0 1970.0 2118.0
1391 1447.0 1948.0 2096.0
1392 1468.0 1968.0 2116.0
1393 1469.0 1968.0 2117.0
1394 1466.0 1965.0 2113.0
1395 1469.0 1969.0 2117.0
1396 1467.0 1966.0 2114.0
1397 1466.0 1966.0 2114.0
1398 1468.0 1967.0 2115.0
1399 1462.0 1962.0 2109.0
1400 1450.0 1950.0 2097.0
1401 1469.0 1969.0 2117.0
1402 1469.0 1969.0 2116.0
1403 1470.0 1970.0 2117.0
1404 1453.0 1953.0 2100.0
1405 1469.0 1968.0 2115.0
1406 1471.0 1972.0 2119.0
1407 1472.0 1972.0 2119.0
1408 1456.0 1956.0 2102.0
1409 1458.0 1959.0 2105.0
1410 1474.0 1974.0 2121.0
1411 1475.0 1974.0 2121.0
1412 1469.0 1969.0 2115.0
1413 1457.0 1957.0 2104.0
1414 1476.0 1976.0 2122.0
1415 1477.0 1977.0 2123.0
1416 1478.0 1978.0 2124.0
1417 1461.0 1961.0 2106.0
1418 1480.0 1979.0 2125.0
1419 1479.0 1979.0 2125.0
1420 1481.0 1981.0 2126.0
1421 1463.0 1964.0 2109.0
1422 1482.0 1982.0 2127.0
1423 1482.0 1982.0 2127.0
1424 1481.0 1982.0 2126.0
1425 1483.0 1984.0 2128.0
1426 1491.0 1992.0 2135.0
1427 1488.0 1988.0 2132.0
1428 1487.0 1987.0 2131.0
1429 1487.0 1988.0 2131.0
1430 1489.0 1990.0 2133.0
1431 1487.0 1987.0 2131.0
1432 1487.0 1988.0 2131.0
1433 1478.0 1979.0 2122.0
1434 1488.0 1988.0 2132.0
1435 1490.0 1990.0 2133.0
1436 1490.0 1990.0 2133.0
1437 1478.0 1979.0 2121.0
1438 1491.0 1991.0 2133.0
1439 1491.0 1991.0 2133.0
1440 1492.0 1993.0 2135.0
1441 1481.0 1982.0 2124.0
1442 1494.0 1995.0 2137.0
1443 1495.0 1995.0 2136.0
1444 1482.0 1983.0 2124.0
1445 1477.0 1978.0 2119.0
1446 1497.0 1997.0 2139.0
1447 1496.0 1997.0 2138.0
1448 1489.0 1990.0 2131.0
1449 1481.0 1982.0 2122.0
1450 1497.0 1997.0 2138.0
1451 1499.0 1999.0 2140.0
1452 1500.0 2000.0 2140.0
1453 1484.0 1985.0 2124.0
1454 1501.0 2001.0 2141.0
1455 1500.0 2000.0 2140.0
1456 1501.0 2001.0 2141.0
1457 1485.0 1986.0 2125.0
1458 1503.0 2003.0 2142.0
1459 1503.0 2004.0 2143.0
1460 1505.0 2005.0 2144.0
1461 1487.0 1988.0 2127.0
1462 1502.0 2002.0 2141.0
1463 1505.0 2005.0 2144.0
1464 1506.0 2006.0 2144.0
1465 1490.0 1990.0 2129.0
1466 1502.0 2002.0 2140.0
1467 1506.0 2006.0 2144.0
1468 1508.0 2008.0 2146.0
1469 1492.0 1992.0 2130.0
1470 1500.0 2000.0 2138.0
1471 1510.0 2009.0 2147.0
1472 1510.0 2010.0 2147.0
1473 1509.0 2009.0 2147.0
1474 1511.0 2010.0 2130.0
1475 1510.0 2010.0 2147.0
1476 1511.0 2010.0 2148.0
1477 1511.0 2010.0 2147.0
1478 1495.0 1994.0 2131.0
1479 1512.0 2011.0 2149.0
1480 1512.0 2012.0 2149.0
1481 1512.0 2011.0 2148.0
1482 1497.0 1997.0 2134.0
1483 1514.0 2013.0 2150.0
1484 1513.0 2012.0 2149.0
1485 1515.0 2014.0 2150.0
1486 1499.0 1999.0 2135.0
1487 1516.0 2014.0 2151.0
1488 1517.0 2016.0 2152.0
1489 1516.0 2015.0 2151.0
1490 1501.0 2000.0 2136.0
1491 1516.0 2015.0 2151.0
1492 1517.0 2016.0 2152.0
1493 1518.0 2016.0 2153.0
1494 1503.0 2001.0 2137.0
1495 1517.0 2016.0 2152.0
1496 1519.0 2017.0 2153.0
1497 1520.0 2018.0 2154.0
1498 1504.0 2003.0 2138.0
1499 1521.0 2020.0 2155.0
1500 1522.0 2021.0 2156.0
1501 1522.0 2020.0 2156.0
1502 1506.0 2005.0 2140.0
1503 1522.0 2020.0 2156.0
1504 1523.0 2021.0 2156.0
1505 1523.0 2021.0 2156.0
1506 1510.0 2008.0 2142.0
1507 1526.0 2023.0 2158.0
1508 1527.0 2025.0 2160.0
1509 1526.0 2024.0 2158.0
1510 1510.0 2008.0 2143.0
1511 1525.0 2023.0 2157.0
1512 1526.0 2023.0 2158.0
1513 1528.0 2025.0 2160.0
1514 1514.0 2012.0 2146.0
1515 1523.0 2021.0 2155.0
1516 1529.0 2027.0 2161.0
1517 1530.0 2027.0 2161.0
1518 1519.0 2016.0 2150.0
1519 1516.0 2013.0 2146.0
1520 1532.0 2029.0 2162.0
1521 1532.0 2030.0 2163.0
1522 1530.0 2027.0 2160.0
1523 1518.0 2015.0 2148.0
1524 1534.0 2031.0 2164.0
1525 1534.0 2031.0 2164.0
1526 1535.0 2032.0 2165.0
1527 1536.0 2033.0 2165.0
1528 1536.0 2033.0 2165.0
1529 1536.0 2033.0 2165.0
1530 1539.0 2035.0 2168.0
1531 1528.0 2025.0 2157.0
1532 1538.0 2035.0 2167.0
1533 1539.0 2036.0 2168.0
1534 1540.0 2036.0 2169.0
1535 1526.0 2023.0 2155.0
1536 1540.0 2037.0 2169.0
1537 1541.0 2038.0 2170.0
1538 1542.0 2038.0 2170.0
1539 1527.0 2024.0 2156.0
1540 1536.0 2033.0 2165.0
1541 1542.0 2038.0 2170.0
1542 1545.0 2041.0 2173.0
1543 1544.0 2040.0 2172.0
1544 1545.0 2042.0 2173.0
1545 1530.0 2027.0 2158.0
1546 1539.0 2036.0 2167.0
1547 1547.0 2043.0 2175.0
1548 1547.0 2043.0 2174.0
1549 1540.0 2037.0 2168.0
1550 1534.0 2031.0 2161.0
1551 1548.0 2044.0 2175.0
1552 1549.0 2045.0 2176.0
1553 1549.0 2046.0 2177.0
1554 1536.0 2032.0 2163.0
1555 1551.0 2047.0 2178.0
1556 1551.0 2047.0 2179.0
1557 1552.0 2048.0 2179.0
1558 1552.0 2048.0 2179.0
1559 1554.0 2050.0 2181.0
1560 1554.0 2049.0 2180.0
1561 1554.0 2050.0 2181.0
1562 1554.0 2050.0 2180.0
1563 1550.0 2046.0 2177.0
1564 1555.0 2051.0 2181.0
1565 1557.0 2053.0 2183.0
1566 1557.0 2053.0 2183.0
1567 1544.0 2041.0 2170.0
1568 1557.0 2053.0 2183.0
1569 1558.0 2054.0 2184.0
1570 1559.0 2055.0 2185.0
1571 1546.0 2042.0 2172.0
1572 1556.0 2052.0 2182.0
1573 1561.0 2057.0 2186.0
1574 1562.0 2058.0 2187.0
1575 1554.0 2050.0 2180.0
1576 1548.0 2044.0 2174.0
1577 1563.0 2059.0 2189.0
1578 1563.0 2058.0 2187.0
1579 1563.0 2058.0 2188.0
1580 1552.0 2048.0 2176.0
1581 1557.0 2053.0 2182.0
1582 1565.0 2061.0 2190.0
1583 1567.0 2062.0 2192.0
1584 1562.0 2058.0 2187.0
1585 1554.0 2050.0 2178.0
1586 1568.0 2063.0 2192.0
1587 1569.0 2064.0 2193.0
1588 1569.0 2064.0 2193.0
1589 1558.0 2054.0 2182.0
1590 1571.0 2066.0 2195.0
1591 1571.0 2067.0 2195.0
1592 1570.0 2066.0 2194.0
1593 1573.0 2068.0 2196.0
1594 1573.0 2068.0 2196.0
1595 1573.0 2069.0 2197.0
1596 1575.0 2070.0 2198.0
1597 1575.0 2070.0 2198.0
1598 1572.0 2067.0 2195.0
1599 1576.0 2072.0 2199.0
1600 1578.0 2073.0 2201.0
1601 1577.0 2073.0 2201.0
1602 1564.0 2060.0 2187.0
1603 1580.0 2075.0 2203.0
1604 1579.0 2074.0 2202.0
1605 1579.0 2074.0 2202.0
1606 1567.0 2063.0 2190.0
1607 1581.0 2076.0 2204.0
1608 1581.0 2076.0 2204.0
1609 1582.0 2077.0 2204.0
1610 1570.0 2065.0 2192.0
1611 1574.0 2069.0 2196.0
1612 1584.0 2079.0 2206.0
1613 1584.0 2079.0 2206.0
1614 1586.0 2081.0 2208.0
1615 1584.0 2079.0 2206.0
1616 1573.0 2069.0 2195.0
1617 1582.0 2077.0 2204.0
1618 1587.0 2082.0 2209.0
1619 1588.0 2083.0 2209.0
1620 1578.0 2073.0 2200.0
1621 1577.0 2072.0 2198.0
1622 1590.0 2085.0 2211.0
1623 1590.0 2085.0 2211.0
1624 1590.0 2085.0 2211.0
1625 1579.0 2074.0 2200.0
1626 1593.0 2087.0 2213.0
1627 1592.0 2086.0 2213.0
1628 1593.0 2088.0 2214.0
1629 1582.0 2078.0 2203.0
1630 1596.0 2090.0 2216.0
1631 1594.0 2089.0 2215.0
1632 1596.0 2091.0 2217.0
1633 1584.0 2079.0 2204.0
1634 1597.0 2091.0 2217.0
1635 1598.0 2093.0 2218.0
1636 1599.0 2093.0 2219.0
1637 1590.0 2085.0 2210.0
1638 1600.0 2095.0 2220.0
1639 1600.0 2094.0 2220.0
1640 1600.0 2095.0 2221.0
1641 1589.0 2084.0 2209.0
1642 1602.0 2097.0 2222.0
1643 1602.0 2096.0 2222.0
1644 1603.0 2098.0 2223.0
1645 1591.0 2086.0 2211.0
1646 1604.0 2099.0 2224.0
1647 1605.0 2100.0 2225.0
1648 1605.0 2100.0 2225.0
1649 1592.0 2088.0 2213.0
1650 1599.0 2094.0 2219.0
1651 1607.0 2102.0 2227.0
1652 1607.0 2102.0 2227.0
1653 1600.0 2096.0 2220.0
1654 1595.0 2091.0 2215.0
1655 1608.0 2103.0 2228.0
1656 1609.0 2105.0 2229.0
1657 1609.0 2105.0 2229.0
1658 1598.0 2094.0 2218.0
1659 1609.0 2104.0 2228.0
1660 1612.0 2107.0 2232.0
1661 1611.0 2107.0 2231.0
1662 1605.0 2100.0 2224.0
1663 1601.0 2097.0 2221.0
1664 1614.0 2109.0 2233.0
1665 1615.0 2111.0 2235.0
1666 1613.0 2108.0 2232.0
1667 1605.0 2101.0 2224.0
1668 1617.0 2112.0 2236.0
1669 1620.0 2115.0 2238.0
1670 1618.0 2114.0 2237.0
1671 1607.0 2103.0 2226.0
1672 1613.0 2109.0 2232.0
1673 1621.0 2117.0 2239.0
1674 1621.0 2116.0 2239.0
1675 1614.0 2110.0 2233.0
1676 1610.0 2106.0 2228.0
1677 1623.0 2118.0 2241.0
1678 1624.0 2119.0 2241.0
1679 1624.0 2120.0 2242.0
1680 1612.0 2108.0 2230.0
1681 1625.0 2121.0 2243.0
1682 1627.0 2122.0 2244.0
1683 1628.0 2123.0 2245.0
1684 1626.0 2121.0 2244.0
1685 1617.0 2113.0 2234.0
1686 1626.0 2122.0 2244.0
1687 1630.0 2125.0 2247.0
1688 1630.0 2126.0 2248.0
1689 1619.0 2115.0 2237.0
1690 1622.0 2117.0 2239.0
1691 1632.0 2128.0 2250.0
1692 1632.0 2127.0 2249.0
1693 1629.0 2125.0 2246.0
1694 1623.0 2120.0 2241.0
1695 1635.0 2131.0 2252.0
1696 1635.0 2131.0 2253.0
1697 1636.0 2133.0 2254.0
1698 1625.0 2121.0 2243.0
1699 1632.0 2128.0 2250.0
1700 1638.0 2134.0 2255.0
1701 1638.0 2134.0 2256.0
1702 1632.0 2129.0 2250.0
1703 1629.0 2125.0 2247.0
1704 1642.0 2138.0 2259.0
1705 1641.0 2137.0 2258.0
1706 1642.0 2139.0 2260.0
1707 1632.0 2129.0 2250.0
1708 1644.0 2140.0 2261.0
1709 1645.0 2141.0 2262.0
1710 1645.0 2142.0 2263.0
1711 1635.0 2132.0 2253.0
1712 1646.0 2143.0 2264.0
1713 1647.0 2144.0 2265.0
1714 1649.0 2145.0 2266.0
1715 1643.0 2140.0 2260.0
1716 1649.0 2145.0 2266.0
1717 1651.0 2147.0 2268.0
1718 1652.0 2148.0 2269.0
1719 1641.0 2138.0 2258.0
1720 1653.0 2150.0 2270.0
1721 1653.0 2150.0 2271.0
1722 1654.0 2151.0 2271.0
1723 1644.0 2142.0 2262.0
1724 1655.0 2153.0 2273.0
1725 1657.0 2154.0 2274.0
1726 1657.0 2154.0 2274.0
1727 1648.0 2145.0 2265.0
1728 1654.0 2152.0 2272.0
1729 1662.0 2160.0 2280.0
1730 1664.0 2161.0 2281.0
1731 1651.0 2149.0 2269.0
1732 1654.0 2152.0 2272.0
1733 1663.0 2160.0 2280.0
1734 1663.0 2161.0 2281.0
1735 1657.0 2154.0 2274.0
1736 1655.0 2152.0 2272.0
1737 1665.0 2162.0 2282.0
1738 1668.0 2166.0 2285.0
1739 1662.0 2160.0 2279.0
1740 1656.0 2154.0 2274.0
1741 1668.0 2166.0 2286.0
1742 1671.0 2169.0 2288.0
1743 1668.0 2165.0 2285.0
1744 1662.0 2160.0 2279.0
1745 1670.0 2169.0 2288.0
1746 1671.0 2169.0 2288.0
1747 1674.0 2172.0 2291.0
1748 1663.0 2161.0 2281.0
1749 1675.0 2173.0 2292.0
1750 1675.0 2173.0 2293.0
1751 1676.0 2174.0 2293.0
1752 1667.0 2166.0 2284.0
1753 1679.0 2178.0 2297.0
1754 1679.0 2177.0 2296.0
1755 1677.0 2175.0 2294.0
1756 1672.0 2171.0 2289.0
1757 1683.0 2183.0 2301.0
1758 1682.0 2180.0 2299.0
1759 1681.0 2180.0 2299.0
1760 1682.0 2181.0 2300.0
1761 1683.0 2182.0 2301.0
1762 1686.0 2185.0 2304.0
1763 1685.0 2185.0 2303.0
1764 1686.0 2185.0 2303.0
1765 1683.0 2182.0 2301.0
1766 1687.0 2187.0 2305.0
1767 1689.0 2189.0 2307.0
1768 1678.0 2178.0 2297.0
1769 1688.0 2187.0 2306.0
1770 1692.0 2192.0 2310.0
1771 1689.0 2189.0 2308.0
1772 1682.0 2182.0 2300.0
1773 1691.0 2192.0 2309.0
1774 1692.0 2192.0 2310.0
1775 1695.0 2195.0 2313.0
1776 1686.0 2186.0 2304.0
1777 1691.0 2192.0 2309.0
1778 1700.0 2200.0 2318.0
1779 1701.0 2201.0 2319.0
1780 1690.0 2191.0 2308.0
1781 1689.0 2189.0 2307.0
1782 1700.0 2200.0 2318.0
1783 1699.0 2199.0 2317.0
1784 1693.0 2194.0 2312.0
1785 1693.0 2194.0 2312.0
1786 1704.0 2206.0 2323.0
1787 1704.0 2205.0 2322.0
1788 1696.0 2198.0 2315.0
1789 1699.0 2200.0 2318.0
1790 1704.0 2206.0 2324.0
1791 1709.0 2211.0 2328.0
1792 1699.0 2201.0 2318.0
1793 1703.0 2205.0 2322.0
1794 1708.0 2210.0 2328.0
1795 1711.0 2212.0 2330.0
1796 1703.0 2205.0 2322.0
1797 1715.0 2217.0 2334.0
1798 1717.0 2219.0 2336.0
1799 1715.0 2217.0 2334.0
1800 1709.0 2211.0 2328.0
1801 1718.0 2221.0 2337.0
1802 1719.0 2221.0 2338.0
1803 1717.0 2220.0 2336.0
1804 1714.0 2216.0 2333.0
1805 1719.0 2221.0 2338.0
1806 1721.0 2224.0 2341.0
1807 1722.0 2224.0 2341.0
1808 1715.0 2218.0 2334.0
1809 1721.0 2224.0 2340.0
1810 1723.0 2227.0 2343.0
1811 1725.0 2228.0 2344.0
1812 1718.0 2222.0 2337.0
1813 1727.0 2230.0 2346.0
1814 1726.0 2230.0 2346.0
1815 1728.0 2231.0 2347.0
1816 1720.0 2224.0 2339.0
1817 1730.0 2234.0 2349.0
1818 1732.0 2235.0 2351.0
1819 1731.0 2235.0 2350.0
1820 1724.0 2229.0 2344.0
1821 1730.0 2234.0 2350.0
1822 1732.0 2236.0 2351.0
1823 1735.0 2240.0 2355.0
1824 1725.0 2229.0 2344.0
1825 1735.0 2239.0 2355.0
1826 1738.0 2242.0 2363.0
1827 1739.0 2244.0 2359.0
1828 1739.0 2244.0 2359.0
1829 1732.0 2238.0 2352.0
1830 1739.0 2244.0 2359.0
1831 1740.0 2245.0 2360.0
1832 1741.0 2246.0 2361.0
1833 1733.0 2238.0 2353.0
1834 1747.0 2253.0 2367.0
1835 1745.0 2251.0 2365.0
1836 1753.0 2260.0 2374.0
1837 1745.0 2251.0 2366.0
1838 1746.0 2252.0 2366.0
1839 1747.0 2236.0 2333.0
