[22, 22, 13]
[22, 22, 13]
[22, 22, 13]
[663, 518, 465]
[828, 643, 559]
[833, 693, 569]
[849, 709, 574]
[847, 703, 570]
[26, 142, 251]
[45, 233, 320]
[52, 259, 337]
[53, 262, 344]
[51, 258, 342]
[51, 255, 343]
[51, 257, 345]
[48, 237, 339]
[48, 237, 338]
[48, 238, 339]
[47, 235, 338]
[47, 233, 334]
[17, 91, 212]
[25, 136, 268]
[27, 143, 273]
[28, 148, 281]
[27, 144, 278]
[27, 142, 275]
[31, 159, 292]
[30, 158, 279]
[30, 160, 282]
[30, 163, 285]
[26, 148, 270]
[22, 120, 249]
[22, 126, 254]
[23, 126, 255]
[22, 124, 251]
[21, 118, 237]
[21, 117, 235]
[21, 118, 239]
[21, 117, 237]
[21, 117, 238]
[21, 120, 252]
[21, 117, 244]
[12, 66, 170]
[16, 83, 200]
[15, 83, 199]
[16, 91, 220]
[17, 95, 230]
[16, 85, 207]
[16, 87, 207]
[16, 88, 216]
[17, 98, 221]
[17, 92, 215]
[17, 90, 205]
[13, 69, 173]
[12, 60, 170]
[13, 69, 165]
[12, 67, 164]
[14, 77, 193]
[14, 75, 190]
[14, 75, 192]
[14, 75, 197]
[14, 75, 190]
[14, 71, 183]
[9, 50, 130]
[11, 56, 151]
[12, 60, 156]
[12, 62, 163]
[11, 57, 152]
[12, 61, 160]
[12, 62, 174]
[12, 62, 167]
[10, 54, 142]
[11, 60, 165]
[10, 53, 140]
[9, 41, 120]
[11, 52, 145]
[10, 48, 138]
[9, 43, 125]
[10, 48, 139]
[10, 50, 140]
[10, 47, 137]
[10, 48, 142]
[9, 43, 120]
[10, 44, 129]
[10, 44, 132]
[1, 2, 3]
[1, 2, 3]
[1, 2, 3]
[1, 2, 3]
[1, 2, 3]
[1, 2, 3]
[1, 2, 3]
[1, 2, 3]
[2, 2, 4]
[2, 2, 4]
[2, 2, 4]
